Initial theoretical error:10
Computed Error:10.0198571429
Threshold:0 , e'(T):19.1631899762 , Fe(t): 10.0 , LB: 47.713000  , HB: 52.007000  , TB: 0.280000  , H: 47.713000 
Threshold:1 , e'(T):31.333078686 , Fe(t): 15.2651285714 , LB: 85.040000  , HB: 14.680000  , TB: 0.280000  , H: 47.713000 
Threshold:2 , e'(T):44.5044350174 , Fe(t): 18.8431428571 , LB: 97.407000  , HB: 2.313000  , TB: 0.280000  , H: 47.713000 
