Initial theoretical error:14
Computed Error:13.9324285714
Threshold:0 , e'(T):21.455961456 , Fe(t): 14.0 , LB: 35.065000  , HB: 64.016000  , TB: 0.919000  , H: 35.065000 
Threshold:1 , e'(T):32.6279771284 , Fe(t): 20.5061823552 , LB: 74.616000  , HB: 24.465000  , TB: 0.919000  , H: 35.065000 
Threshold:2 , e'(T):45.1958116149 , Fe(t): 25.13065664 , LB: 93.806000  , HB: 5.275000  , TB: 0.919000  , H: 35.065000 
