Initial theoretical error:18
Computed Error:18.0835714286
Threshold:0 , e'(T):24.0294081915 , Fe(t): 18.0 , LB: 24.744000  , HB: 72.961000  , TB: 2.295000  , H: 24.744000 
Threshold:1 , e'(T):34.0931542795 , Fe(t): 25.3713332654 , LB: 62.980000  , HB: 34.725000  , TB: 2.295000  , H: 24.744000 
Threshold:2 , e'(T):45.9891420781 , Fe(t): 30.83600448 , LB: 88.264000  , HB: 9.441000  , TB: 2.295000  , H: 24.744000 
