Initial theoretical error:2
Computed Error:1.99728571429
Threshold:0 , e'(T):15.155062708 , Fe(t): 2.0 , LB: 86.821000  , HB: 13.177000  , TB: 0.002000  , H: 86.821000 
Threshold:1 , e'(T):29.0500736377 , Fe(t): 3.3451088448 , LB: 99.224000  , HB: 0.774000  , TB: 0.002000  , H: 86.821000 
Threshold:2 , e'(T):44.0476190476 , Fe(t): 4.17369152 , LB: 99.976000  , HB: 0.022000  , TB: 0.002000  , H: 86.821000 
