Initial theoretical error:22
Computed Error:22.0085714286
Threshold:0 , e'(T):26.703922041 , Fe(t): 22.0 , LB: 17.583000  , HB: 77.881000  , TB: 4.536000  , H: 17.583000 
Threshold:1 , e'(T):35.6914288105 , Fe(t): 29.9257199899 , LB: 52.187000  , HB: 43.277000  , TB: 4.536000  , H: 17.583000 
Threshold:2 , e'(T):46.962038016 , Fe(t): 36.0366446629 , LB: 81.489000  , HB: 13.975000  , TB: 4.536000  , H: 17.583000 
