Initial theoretical error:26
Computed Error:26.0987142857
Threshold:0 , e'(T):29.6866418155 , Fe(t): 26.0 , LB: 12.086000  , HB: 79.683000  , TB: 8.231000  , H: 12.086000 
Threshold:1 , e'(T):37.6334258764 , Fe(t): 34.2256215689 , LB: 42.009000  , HB: 49.760000  , TB: 8.231000  , H: 12.086000 
Threshold:2 , e'(T):48.2219646263 , Fe(t): 40.8028382171 , LB: 73.257000  , HB: 18.512000  , TB: 8.231000  , H: 12.086000 
