Initial theoretical error:6
Computed Error:6.00271428571
Threshold:0 , e'(T):17.0817970055 , Fe(t): 6.0 , LB: 64.859000  , HB: 35.097000  , TB: 0.044000  , H: 64.859000 
Threshold:1 , e'(T):30.1464314539 , Fe(t): 9.57328884206 , LB: 93.805000  , HB: 6.151000  , TB: 0.044000  , H: 64.859000 
Threshold:2 , e'(T):43.8647559337 , Fe(t): 11.8884565029 , LB: 99.362000  , HB: 0.594000  , TB: 0.044000  , H: 64.859000 
